$ANSIBLE_VAULT;1.1;AES256
36306330343039323865666663666232316236646533356631353435613938636634376438353265
3234653833356563646166343030393639666136313832340a333738336663643466373632656363
61393964616134613539646530323665633263343935663338326461626463306435663934356565
6236663432356434320a396635396332303133393732326161643461316466623438353833393838
31353035646331353639343133663862646233333732303236303735613162376138336535363862
30393463666663346566643137316439313364353830303465396530373734393638393239396564
31646235393538353663396465303136303763613835326365353735363537663865336137346534
39383365373061393261373131393037303439326134623236363935323365663039663239316161
33613666653330383135376239393738666539303537653565356535616665613332343262356333
66656363376661383766383933643335333466646464313731656161373731646638666662323265
35616334323661323930376636643162636532323138643865386438313639366633626565616133
33323632303135303232363236303261353332346562353634366366626562663264363732666361
30396535333465346663623466396136613035333735323863313333303462313436303866663263
62346666393832363261323238366463313165303964653433613933613930373463613161616330
62373930323539363663326532663335636131386536346162343032306166623738663037613462
31383039656130363533646333666238373262326637303366336330633733333664333930623938
33613765333663626164366436616137613263653965353735623162363533633437366439316436
32303364396634376631656263366632656235373732383039383531353962336363333430316638
32356535323530313965353037363538326539353035376638343432623931363962656364336333
35353662366362343832663363323766313666346562373365656462323838323935326161323035
66313138613433653432666134353964356634306438623263373932313737666433333565393361
66323962653038306362613530316161326165643837363338613334343661306535363566646362
39663330656163313530353231363034633961376333303037663466383662306266663437636464
65633332333439633064626236643733306431633165646364656439656538393865396433323264
3261
